[          inf ,4990.         ,2495.         ,1663.33333333 ,1247.5
  998.,         , 831.66666667 , 712.85714286 , 623.75       , 554.44444444,
  499.         , 453.63636364 , 415.83333333 , 383.84615385 , 356.42857143,
  332.66666667 , 311.875      , 293.52941176 , 277.22222222 , 262.63157895,
  249.5        , 237.61904762 , 226.81818182 , 216.95652174 , 207.91666667,
  199.6        , 191.92307692 , 184.81481481 , 178.21428571 , 172.06896552,
  166.33333333 , 160.96774194 , 155.9375     , 151.21212121 , 146.76470588,
  142.57142857 , 138.61111111 , 134.86486486 , 131.31578947 , 127.94871795,
  124.75       , 121.70731707 , 118.80952381 , 116.04651163 , 113.40909091,
  110.88888889 , 108.47826087 , 106.17021277 , 103.95833333 , 101.83673469,
   99.8        ,  97.84313725 ,  95.96153846 ,  94.1509434  ,  92.40740741,
   90.72727273 ,  89.10714286 ,  87.54385965 ,  86.03448276 ,  84.57627119,
   83.16666667 ,  81.80327869 ,  80.48387097 ,  79.20634921 ,  77.96875
  , 76.76923077 ,  75.60606061 ,  74.47761194 ,  73.38235294 ,  72.31884058,
   71.28571429 ,  70.28169014 ,  69.30555556 ,  68.35616438 ,  67.43243243,
   66.53333333 ,  65.65789474 ,  64.80519481 ,  63.97435897 ,  63.16455696,
   62.375      ,  61.60493827 ,  60.85365854 ,  60.12048193 ,  59.4047619
,   58.70588235 ,  58.02325581 ,  57.35632184 ,  56.70454545 ,  56.06741573,
   55.44444444 ,  54.83516484 ,  54.23913043 ,  53.65591398 ,  53.08510638,
   52.52631579 ,  51.97916667 ,  51.44329897 ,  50.91836735 ,  50.4040404
,   49.9        ,  49.40594059 ,  48.92156863 ,  48.44660194 ,  47.98076923,
   47.52380952 ,  47.0754717  ,  46.63551402 ,  46.2037037  ,  45.77981651,
   45.36363636 ,  44.95495495 ,  44.55357143 ,  44.15929204 ,  43.77192982,
   43.39130435 ,  43.01724138 ,  42.64957265 ,  42.28813559 ,  41.93277311,
   41.58333333 ,  41.23966942 ,  40.90163934 ,  40.56910569 ,  40.24193548,
   39.92       ,  39.6031746  ,  39.29133858 ,  38.984375   ,  38.68217054,
   38.38461538 ,  38.09160305 ,  37.8030303  ,  37.51879699 ,  37.23880597,
   36.96296296 ,  36.69117647 ,  36.42335766 ,  36.15942029 ,  35.89928058,
   35.64285714 ,  35.39007092 ,  35.14084507 ,  34.8951049  ,  34.65277778,
   34.4137931  ,  34.17808219 ,  33.94557823 ,  33.71621622 ,  33.48993289,
   33.26666667 ,  33.04635762 ,  32.82894737 ,  32.61437908 ,  32.4025974
,   32.19354839 ,  31.98717949 ,  31.78343949 ,  31.58227848 ,  31.3836478
,   31.1875     ,  30.99378882 ,  30.80246914 ,  30.61349693 ,  30.42682927,
   30.24242424 ,  30.06024096 ,  29.88023952 ,  29.70238095 ,  29.52662722,
   29.35294118 ,  29.18128655 ,  29.01162791 ,  28.84393064 ,  28.67816092,
   28.51428571 ,  28.35227273 ,  28.1920904  ,  28.03370787 ,  27.87709497,
   27.72222222 ,  27.56906077 ,  27.41758242 ,  27.26775956 ,  27.11956522,
   26.97297297 ,  26.82795699 ,  26.68449198 ,  26.54255319 ,  26.4021164
,   26.26315789 ,  26.12565445 ,  25.98958333 ,  25.85492228 ,  25.72164948,
   25.58974359 ,  25.45918367 ,  25.32994924 ,  25.2020202  ,  25.07537688,
   24.95       ,  24.82587065 ,  24.7029703  ,  24.58128079 ,  24.46078431,
   24.34146341 ,  24.22330097 ,  24.10628019 ,  23.99038462 ,  23.87559809,
   23.76190476 ,  23.6492891  ,  23.53773585 ,  23.42723005 ,  23.31775701,
   23.20930233 ,  23.10185185 ,  22.99539171 ,  22.88990826 ,  22.78538813,
   22.68181818 ,  22.57918552 ,  22.47747748 ,  22.37668161 ,  22.27678571,
   22.17777778 ,  22.07964602 ,  21.98237885 ,  21.88596491 ,  21.79039301,
   21.69565217 ,  21.6017316  ,  21.50862069 ,  21.41630901 ,  21.32478632,
   21.23404255 ,  21.1440678  ,  21.05485232 ,  20.96638655 ,  20.87866109,
   20.79166667 ,  20.70539419 ,  20.61983471 ,  20.53497942 ,  20.45081967,
   20.36734694 ,  20.28455285 ,  20.20242915 ,  20.12096774 ,  20.04016064,
   19.96       ,  19.88047809 ,  19.8015873  ,  19.72332016 ,  19.64566929,
   19.56862745 ,  19.4921875  ,  19.41634241 ,  19.34108527 ,  19.26640927,
   19.19230769 ,  19.11877395 ,  19.04580153 ,  18.97338403 ,  18.90151515,
   18.83018868 ,  18.7593985  ,  18.68913858 ,  18.61940299 ,  18.55018587,
   18.48148148 ,  18.41328413 ,  18.34558824 ,  18.27838828 ,  18.21167883,
   18.14545455 ,  18.07971014 ,  18.01444043 ,  17.94964029 ,  17.88530466,
   17.82142857 ,  17.75800712 ,  17.69503546 ,  17.63250883 ,  17.57042254,
   17.50877193 ,  17.44755245 ,  17.38675958 ,  17.32638889 ,  17.26643599,
   17.20689655 ,  17.14776632 ,  17.0890411  ,  17.03071672 ,  16.97278912,
   16.91525424 ,  16.85810811 ,  16.8013468  ,  16.74496644 ,  16.68896321,
   16.63333333 ,  16.57807309 ,  16.52317881 ,  16.46864686 ,  16.41447368,
   16.36065574 ,  16.30718954 ,  16.25407166 ,  16.2012987  ,  16.14886731,
   16.09677419 ,  16.04501608 ,  15.99358974 ,  15.94249201 ,  15.89171975,
   15.84126984 ,  15.79113924 ,  15.74132492 ,  15.6918239  ,  15.64263323,
   15.59375    ,  15.54517134 ,  15.49689441 ,  15.44891641 ,  15.40123457,
   15.35384615 ,  15.30674847 ,  15.25993884 ,  15.21341463 ,  15.16717325,
   15.12121212 ,  15.0755287  ,  15.03012048 ,  14.98498498 ,  14.94011976,
   14.89552239 ,  14.85119048 ,  14.80712166 ,  14.76331361 ,  14.71976401,
   14.67647059 ,  14.63343109 ,  14.59064327 ,  14.54810496 ,  14.50581395,
   14.46376812 ,  14.42196532 ,  14.38040346 ,  14.33908046 ,  14.29799427,
   14.25714286 ,  14.21652422 ,  14.17613636 ,  14.13597734 ,  14.0960452
,   14.05633803 ,  14.01685393 ,  13.97759104 ,  13.93854749 ,  13.89972145,
   13.86111111 ,  13.82271468 ,  13.78453039 ,  13.74655647 ,  13.70879121,
   13.67123288 ,  13.63387978 ,  13.59673025 ,  13.55978261 ,  13.52303523,
   13.48648649 ,  13.45013477 ,  13.41397849 ,  13.37801609 ,  13.34224599,
   13.30666667 ,  13.2712766  ,  13.23607427 ,  13.2010582  ,  13.16622691,
   13.13157895 ,  13.09711286 ,  13.06282723 ,  13.02872063 ,  12.99479167,
   12.96103896 ,  12.92746114 ,  12.89405685 ,  12.86082474 ,  12.8277635
,   12.79487179 ,  12.76214834 ,  12.72959184 ,  12.69720102 ,  12.66497462,
   12.63291139 ,  12.6010101  ,  12.56926952 ,  12.53768844 ,  12.50626566,
   12.475      ,  12.44389027 ,  12.41293532 ,  12.382134   ,  12.35148515,
   12.32098765 ,  12.29064039 ,  12.26044226 ,  12.23039216 ,  12.200489
 ,  12.17073171 ,  12.14111922 ,  12.11165049 ,  12.08232446 ,  12.0531401
,   12.02409639 ,  11.99519231 ,  11.96642686 ,  11.93779904 ,  11.90930788,
   11.88095238 ,  11.85273159 ,  11.82464455 ,  11.79669031 ,  11.76886792,
   11.74117647 ,  11.71361502 ,  11.68618267 ,  11.6588785  ,  11.63170163,
   11.60465116 ,  11.57772622 ,  11.55092593 ,  11.52424942 ,  11.49769585,
   11.47126437 ,  11.44495413 ,  11.4187643  ,  11.39269406 ,  11.3667426
,   11.34090909 ,  11.31519274 ,  11.28959276 ,  11.26410835 ,  11.23873874,
   11.21348315 ,  11.18834081 ,  11.16331096 ,  11.13839286 ,  11.11358575,
   11.08888889 ,  11.06430155 ,  11.03982301 ,  11.01545254 ,  10.99118943,
   10.96703297 ,  10.94298246 ,  10.9190372  ,  10.89519651 ,  10.87145969,
   10.84782609 ,  10.82429501 ,  10.8008658  ,  10.7775378  ,  10.75431034,
   10.7311828  ,  10.70815451 ,  10.68522484 ,  10.66239316 ,  10.63965885,
   10.61702128 ,  10.59447983 ,  10.5720339  ,  10.54968288 ,  10.52742616,
   10.50526316 ,  10.48319328 ,  10.46121593 ,  10.43933054 ,  10.41753653,
   10.39583333 ,  10.37422037 ,  10.3526971  ,  10.33126294 ,  10.30991736,
   10.28865979 ,  10.26748971 ,  10.24640657 ,  10.22540984 ,  10.20449898,
   10.18367347 ,  10.16293279 ,  10.14227642 ,  10.12170385 ,  10.10121457,
   10.08080808 ,  10.06048387 ,  10.04024145 ,  10.02008032 ,  10.        ,]